NetherThorn4,851,873,-1051,-1031
NetherThorn2,999,1011,-1043,-1030
NetherThorn2,994,1007,-1078,-1066
NetherThorn5,877,902,-1100,-1089
NetherThorn4,724,746,-1067,-1047
NetherThorn3,736,762,-1110,-1092
NetherThorn5,797,808,-1137,-1112
NetherThorn4,848,870,-1138,-1118
NetherThorn,539,565,-1178,-1160
NetherThorn5,521,532,-1171,-1146
NetherThorn1,902,921,-1189,-1173
NetherThorn5,631,642,-1277,-1252
NetherThorn2,578,590,-1310,-1297
NetherThorn,666,692,-1280,-1262
NetherThorn2,652,664,-1265,-1252
NetherThorn3,687,705,-1404,-1378
NetherThorn3,507,533,-1412,-1394
NetherThorn4,843,865,-1260,-1240
NetherThorn2,879,892,-1265,-1253
NetherThorn5,542,553,-1441,-1416
